                                                 
                                                 
                                                 
              9999999999999999999999999999999999999999999999999999999999999999999                                   
              9999999999999999999999999999999999999999999999999999999999999999999
              111                                         999
              111                              1111       999
              111    99             99      1111          999
              111    99             99    111             999
              111    99             99    111             999
              111    99             99      1111          999
              111    99             99         1111       999
             111      99           99             111     999
          1111         99         99              111     999 
 111    11111            99     99             1111       999
    1111                   99999            1111          999
                                              
                                                 
                                                 
                                                 
                                                 
